>>> Fixed<byte, Dot3> >>>
1,25
3,5
4,75
7
9,5
0
27
0
3,5
0,875
0,375
14
4,625
---
>>> Fixed<int, Dot3> >>>
1,25
3,5
4,75
7
9,5
1024
155
0
3,5
0,875
0,375
14
4,625
---
>>> Fixed<int, Dot8> >>>
1,25
3,5
4,75
7
9,5
1024
155
0
3,5
0,875
0,4375
14
4,6640625
---
>>> Fixed<long, Dot8> >>>
1,25
3,5
4,75
7
9,5
1024
155
1099511627776
3,5
0,875
0,4375
14
4,6640625
---
>>> Fixed<long, Dot16> >>>
1,25
3,5
4,75
7
9,5
1024
155
0
3,5
0,875
0,4375
14
4,666656494140625
======
3,5
2,5625
2,5
1,25
++++++
10
11,125
>>> Fixed >>>
10
11
11,1171875
11,124969482421875
